3832
5173
2594
3405
4952
2240
5079
1567
3356
4550
3198
5
3392
3716
1604
4033
4913
2530
3140
2337
2239
2047
3958
1736
3937
2118
4743
4165
3801
4006
3247
2660
3851
558
2479
1643
294
2079
216
2089
1906
4811
3526
2521
3272
4769
902
2483
3284
5103
366
2195
1693
1391
4132
3591
1476
1978
3955
1915
144
1183
3515
4614
5148
423
1716
2398
4697
2167
2520
1404
2601
127
1585
473
5146
2227
1626
3914
1944
3744
2714
3438
930
2019
2415
991
1327
2046
4501
1623
2574
1067
2707
364
666
581
4665
69
323
4203
1862
4087
5027
84
1935
3583
3393
3736
1485
2010
1204
3824
1246
152
1269
1778
1637
4905
1277
3781
2961
4461
3570
3165
1571
3636
21
290
225
5194
5227
3349
719
5211
3903
5191
2284
1128
3978
2306
1996
4397
2761
1482
4072
2923
1645
4038
3326
5053
2233
633
3605
1227
987
2518
5104
1595
1991
1000
686
5126
98
3099
4437
489
4309
3070
426
1220
3747
2681
2767
3434
1644
1284
4979
3985
1579
585
4163
1804
1841
3894
1983
4518
4153
5044
3425
3167
3176
193
619
2252
739
2878
1914
4742
815
2984
2829
3595
1835
1790
4062
3924
2417
3299
2146
2566
435
450
1161
1098
3017
109
1413
2281
2265
1268
737
2503
4073
1093
4128
4312
2053
980
2647
431
2705
2043
3436
2247
5220
2367
1396
422
29
1936
4656
3931
721
3848
714
5238
3852
3282
4961
2699
93
2669
4426
4001
2666
756
2757
3125
2743
3501
139
4474
3820
3418
4698
1126
4422
531
550
233
469
1311
3014
2899
3502
3841
2782
956
143
2618
4424
230
3394
4338
3189
4749
20
2059
4294
2071
3670
4118
1383
3708
5106
1096
709
1665
2115
5228
1958
333
3833
3340
4045
3661
3534
4171
3163
1820
1192
1759
4796
2933
1932
726
4208
4729
406
3795
2674
3895
1816
2148
1529
4881
2147
3497
537
4195
511
372
4886
1288
3589
1514
751
2807
2925
4548
3584
214
562
269
969
4271
3505
268
5145
1803
3676
4741
2128
2527
3381
2188
2631
1654
844
17
377
4748
1434
1794
3871
293
3457
2678
995
731
2354
1618
696
4101
3473
2223
368
4989
672
2526
555
200
3864
940
2034
4086
1751
1705
4134
1638
1928
3923
1672
950
4643
1077
1946
3419
2936
3789
2859
2400
3622
313
3770
2833
4174
4269
4231
3439
990
2236
2120
2490
514
3488
44
695
474
3177
4813
3255
4199
1825
1602
1236
613
2851
656
1263
4766
2122
2814
3427
2734
1619
4052
675
209
176
371
2838
2868
1440
4010
4459
3993
386
3274
5064
471
3022
926
5224
2030
1528
1770
517
4584
2898
3445
2591
2011
1222
2991
1653
4276
1140
3896
617
5204
1950
2452
2687
3775
405
4092
4845
5086
4948
3673
2438
2130
1629
1872
1410
454
2330
2967
4462
172
2235
3152
2166
2975
108
4210
544
3911
277
1620
2131
34
4590
1685
3397
3948
1980
1729
1734
1896
4565
3448
1423
4343
5149
3494
4532
2363
542
4793
2609
2816
604
3706
4248
3456
4265
263
1002
1409
4829
818
4929
1274
2675
2267
124
4187
195
1195
402
2580
3859
2433
3804
3202
3697
4596
2896
4652
3572
3130
3658
1737
4721
1475
2790
289
720
1962
5046
5167
4194
4022
311
182
4745
1997
3043
2246
5188
891
4141
4324
2692
2657
3080
116
811
1762
992
4692
4308
3998
1152
1072
830
4185
3406
4701
2500
1004
278
3715
2282
3001
3297
1888
3310
2140
2292
1975
4261
2220
620
4993
4858
4763
4446
4486
412
1628
2328
3882
3396
4034
3312
173
1702
3536
2232
2222
624
1421
931
3240
3631
2238
2802
2992
5063
1596
1191
730
4441
2314
2689
468
4282
4655
2873
2495
1432
2663
2182
183
2185
3503
3055
3293
2193
4123
2497
234
219
365
2308
1784
3968
5011
3469
5152
2111
1807
2440
3674
3919
4542
4342
4042
2153
775
4243
2199
1435
4002
3840
2094
4048
841
5119
982
3880
1992
904
1315
1312
4528
4414
2142
4810
2543
768
4311
2720
1337
3973
607
3205
4488
4482
2344
2300
3179
3035
95
2629
5207
3999
662
2727
5002
5013
1867
785
1912
242
3388
227
1441
3956
4705
2704
5177
3701
1541
2731
384
3369
3525
2285
3122
389
2279
452
4024
5060
2515
712
3031
246
4591
5197
3453
3166
440
3479
3368
2696
12
1798
2136
1901
4160
3849
4120
1121
3225
3545
1113
845
1037
4273
5024
3798
2484
416
3712
4922
2327
4375
4710
282
3967
1581
2309
4781
4184
3913
2297
5034
458
281
4981
1589
1761
858
4840
2031
1941
2688
2700
2804
2934
2
3083
4059
1335
3164
596
1049
3382
2376
1164
3952
5159
2610
159
4254
701
4218
270
1405
3897
2334
1498
2737
2884
3403
1213
4421
4505
4124
3582
4507
3157
2508
2261
4070
4313
166
4986
1565
645
823
3925
3793
2801
1499
5036
4662
420
3933
4291
75
178
4099
4562
4053
5129
1317
1837
11
942
5235
3258
4885
3838
1293
3668
974
4430
2670
1384
2412
2908
1698
1651
2287
3379
1103
1018
312
1223
4216
4529
4865
4413
5118
2006
4994
3116
1388
3938
2224
1664
4181
4235
4508
654
3292
404
1554
646
3704
2066
2900
1303
840
3846
946
3411
4841
1568
4629
3415
91
2966
3091
1694
3592
5219
3211
4736
1647
644
3250
2726
5090
603
3531
4331
396
4714
3119
2317
1964
1351
5054
1238
3417
126
2932
315
185
30
1040
3334
4401
2885
3328
1379
4867
896
967
1752
4280
3961
2910
2380
2013
4016
621
2259
4090
4255
5175
763
4822
1743
2463
1232
498
1763
464
19
1846
2874
4200
1261
1490
4279
1125
2028
4634
4892
1984
2780
1275
4927
643
1843
1437
592
2269
82
2771
4846
3891
4423
1302
3054
9
175
2061
614
3257
4121
1687
1646
3458
2461
1216
1776
123
3977
5042
1956
4063
2672
3733
1455
2114
1771
3230
1592
1838
3235
2935
3620
1310
73
5184
4329
4361
602
3650
1584
1753
572
4832
1369
4267
1994
4402
4908
938
1146
4067
3451
4773
3113
4429
3519
4125
1795
387
4390
1291
3754
3115
1859
2637
3138
797
3682
3574
2301
2770
678
467
3019
1058
1046
702
1718
4900
283
2436
2685
1426
3385
4971
571
674
4523
4056
941
2653
1518
4553
3051
3156
3869
1156
16
4315
5101
2434
5038
1965
1173
1130
2174
2875
3094
864
4617
3696
1942
1111
2055
2871
2151
1443
1075
2095
4104
4416
2360
3686
4627
4798
5120
4211
921
635
2960
1788
4575
3698
4759
4224
4445
2773
3936
255
3335
1158
2498
885
3893
5239
2943
2002
2015
2915
3181
2411
4316
2639
3477
1374
1548
966
4670
2791
3493
1597
174
4078
3764
4833
3626
4000
4019
3347
4228
2783
5073
4383
4028
2266
1697
3513
4306
4958
2104
2613
1231
4051
2856
1873
170
4694
4055
2824
3132
2339
3949
3750
2748
752
901
3647
2044
3604
843
1289
4969
2664
667
1728
3685
1673
1519
4658
3103
2017
791
826
4628
1553
156
3430
2180
2361
3678
957
1863
3812
2947
2775
2178
3558
146
1845
1957
3241
1744
4047
2974
2990
303
444
4229
4888
611
3395
5040
2872
2451
4949
2880
647
1175
4684
4937
1766
251
2764
363
3329
3611
2381
2450
1389
4249
1194
4318
4850
13
3524
3228
2633
4792
4144
1380
3033
3085
5217
279
4425
1601
87
1661
2536
1382
50
2447
1793
2924
338
999
1484
408
1909
3768
211
4558
2133
361
851
147
4491
2954
1091
3401
2362
1799
2208
1555
3986
4102
2145
2710
854
4771
4079
3680
653
1719
3944
1925
2453
1308
4272
1885
2254
2504
5074
3432
4554
2584
1503
3613
3296
2173
1019
1903
418
4452
2209
1089
2693
3508
534
2550
4650
658
3942
4060
5222
3791
3267
4990
977
703
1457
697
92
4530
1505
3350
803
589
1178
3184
961
1368
5123
4065
795
5131
4367
5185
1668
2125
285
881
588
110
1976
3691
3517
3705
432
2402
2112
2583
1248
1892
455
1612
4788
3809
5092
4870
3005
1897
1625
2554
2863
4795
1844
1362
1886
4816
1259
482
2846
2612
2416
106
706
2020
3100
1024
1979
2604
3548
5020
3953
855
3928
2548
177
4907
4824
4057
2724
5187
3755
3246
4149
1243
1050
2740
2843
5135
1809
3265
4801
1573
2225
1036
134
2437
2830
3316
2355
1375
4354
4198
2004
546
5102
922
2570
833
4510
424
5208
2226
1880
120
516
1724
1910
3283
1515
1136
4874
4779
1286
1381
3861
3779
1590
2828
3169
1954
642
400
2387
2493
3656
3221
210
3821
2206
330
1908
4374
2894
2426
3907
2449
3796
112
1686
2662
1879
2392
3061
3954
2545
3378
776
3528
4880
2481
2559
972
3541
194
2408
3212
4217
953
3162
4537
2113
2117
863
4292
4783
5156
860
3090
4337
1767
188
750
3915
197
2054
2736
2798
3962
3244
1084
2886
3455
1361
439
378
4440
3074
3669
2154
2937
3210
399
3207
5025
827
4277
3564
704
586
3399
4787
2456
2175
2849
2682
1894
24
4667
3549
2260
2946
3042
3916
1076
1971
2509
897
4686
1513
2413
1836
1649
4106
677
3352
1887
205
1858
631
3860
260
4660
3756
521
4358
4791
4941
4481
1464
4504
2941
4610
5210
3032
1791
1080
2571
3751
2853
4444
1300
1774
1902
4945
2599
1578
2157
1011
4911
608
2076
4689
2258
3507
3072
859
4837
3239
3976
3752
1233
451
2430
3565
4127
2948
2419
4645
3831
837
3182
1608
1695
3237
2375
3596
3371
519
610
2256
3262
132
2364
1253
5150
3490
4744
599
2427
4768
1360
4227
2741
1442
500
3219
140
3195
3039
2241
1439
4642
46
1110
4926
5198
2469
4520
3540
4246
640
5058
4639
1298
579
2979
4388
883
3694
3748
4299
1031
115
3027
1454
3553
3981
2290
4158
341
2985
2592
1871
4298
1848
3547
1920
2528
1062
3161
2606
543
1460
1817
745
1147
3845
388
90
1087
2756
1107
4608
1139
3224
4327
2679
488
1671
894
2680
1769
3481
3514
699
3291
4764
527
4757
2277
933
2753
1132
1981
288
4566
4957
3066
4890
1295
359
4582
4023
2819
327
4516
438
2096
1226
3186
790
2379
4935
2567
1560
2986
2903
2298
2535
1265
4453
1370
2170
267
4797
2032
789
2264
4851
2855
3464
2336
2869
3015
3109
1713
1683
1271
1930
2150
149
4730
1591
3111
3242
1764
4700
630
2162
548
1621
584
1065
1616
1773
4647
3323
1945
3632
299
1433
2930
2293
2841
2418
3653
4838
4722
1189
1151
4527
4991
2942
1467
1711
3966
2210
4724
1412
3118
2105
657
1097
4405
2831
4573
764
2060
5076
1100
2989
4387
43
784
916
2810
2854
3552
2420
1299
976
2491
4901
3554
1064
4169
18
2366
3390
3699
800
4378
4751
322
820
4202
4222
3829
4982
4407
4985
5030
3206
4009
3576
1495
805
3071
2323
329
4826
4597
3786
3435
4726
4496
2033
3689
3254
4382
1500
1281
2168
4651
2926
4447
2414
2904
3141
3068
1598
3079
3577
4515
3266
718
4856
3354
199
5059
627
4490
129
3615
3972
4281
1777
3609
1865
1580
1468
168
4058
4540
3729
3529
2952
2857
411
1574
3252
3818
2918
2405
1270
3815
1083
1995
1209
1757
4752
4082
5100
3003
3088
111
1451
1681
1635
4884
4936
3387
4283
2406
2439
1245
4735
3463
3717
2988
4275
3402
1783
2749
1502
3056
4862
3309
3
2890
2721
563
3516
661
2702
3078
2517
975
332
3787
2310
4932
5195
4709
1162
1710
4454
5162
3150
4244
3341
5206
1521
535
3856
2458
391
3835
2494
3273
2098
5085
3934
4302
2572
1244
1322
3208
949
1986
2186
887
693
3108
2056
5032
1014
2568
5097
759
5012
38
3344
1748
3778
3023
3847
744
397
2202
3561
3881
4770
3707
1469
2778
2957
3018
4152
3906
552
2245
4659
3723
3144
3777
1904
61
2075
4734
1349
3898
4866
597
4215
1562
2560
5171
1968
2755
1035
2109
539
615
2029
5021
3204
1993
2007
2022
2399
4800
490
1181
4455
3414
1917
4725
153
5143
3660
523
4502
3889
3009
1177
1786
3970
2319
3374
4040
258
2435
476
1079
4332
2141
3606
5078
4815
2769
2616
2442
4290
4469
4463
1569
3740
5004
4114
1733
5061
2901
2860
1290
4631
2809
3853
1038
4803
1504
4484
187
4183
3331
907
71
769
33
409
1497
3844
4004
1756
3745
3366
3533
4544
2348
3325
2658
5202
559
623
4238
2422
1255
1684
2922
3590
3013
340
4828
4438
4460
4612
28
5151
2050
3073
1652
2877
4251
4940
4464
3375
1163
257
5190
2713
1174
3746
4389
1785
4075
2443
4588
4754
477
1059
4640
2850
2953
4619
2377
113
4258
3823
4168
4135
2039
5009
4626
1333
504
5065
344
401
2563
1633
2251
1970
4720
5231
3012
3026
4074
4673
3957
3217
4264
3361
5105
729
4175
669
2454
2763
3294
1166
755
2598
2358
526
4557
280
3058
1682
2739
3245
1999
4061
4912
3772
1287
2542
1663
3667
3008
4723
4756
5095
4973
4534
3521
2390
3569
2887
4310
4933
3499
3107
1782
453
502
717
3440
2384
3904
2065
3645
3129
356
4785
2395
2388
2861
262
3188
3887
83
3422
628
3901
4661
3794
421
1313
1789
886
3087
383
2712
2995
1642
1544
97
4519
2159
4931
711
3196
4547
1190
831
3551
1477
1359
2956
4895
2201
4253
838
867
3520
4164
947
5108
1012
2968
495
3154
4855
2257
2382
1401
1834
4360
3710
5015
772
1765
4616
157
475
1458
1768
1197
4740
1202
3270
4037
1823
1772
1260
1323
4166
564
5089
4960
2459
1217
5214
1959
2626
2907
47
4239
1150
665
2803
2403
2744
2822
4533
1725
4638
4571
1832
1430
4039
3612
1745
3261
722
3927
217
997
23
2080
870
3624
2042
442
520
3192
2037
3034
1677
2397
1600
4968
862
1051
3640
1860
1679
3920
2489
2648
681
2179
1154
1
2552
5121
5183
1465
4363
576
4456
4852
1556
4919
135
5221
4274
3623
1527
4284
2132
1055
2081
3330
3137
2539
1171
828
1053
513
1237
4663
1961
3275
3527
3025
104
2630
2003
4963
2540
4825
3816
350
306
4032
936
4747
3199
2690
4167
2959
1918
4240
3900
1239
2766
49
889
2796
3567
5180
958
472
3093
4352
4511
4607
5240
1332
1564
913
651
213
804
3437
2940
4304
3681
3581
4755
515
3016
1827
4223
3946
3947
1045
4622
2993
2262
483
3010
809
1530
4609
2634
1205
3077
4691
1247
3649
2286
5062
806
5066
487
2371
4036
1461
22
4159
5137
3332
5116
5069
3941
4978
3542
99
4972
5134
3858
334
4139
846
165
3234
2514
1102
707
3988
792
4212
4180
4480
1522
4500
2324
4975
1963
4761
460
4872
2673
3511
1494
3345
4030
965
3951
2455
3814
2346
4853
3472
3878
3601
4894
2806
297
3174
4702
5163
3580
1861
1170
3722
3932
88
2325
3659
670
105
3963
793
441
3803
3718
4653
2190
1116
4245
2811
208
4068
3991
3639
4442
478
4864
1676
2996
3630
4126
1043
2000
849
5117
2368
4563
2645
509
1119
2789
2385
2487
2299
1425
5111
241
1009
3975
684
2242
130
708
4938
554
1047
2119
1750
2825
3943
4140
1617
4494
4396
3983
4778
5057
5056
3317
2786
4150
1344
3288
4322
3902
937
4297
2620
1473
2785
191
944
3213
3819
2579
4953
1201
5029
3550
680
2171
2014
1200
3771
2546
1101
5186
3048
1747
4111
2973
1531
3336
3726
2464
3429
3318
419
993
321
5218
4110
4266
3002
4050
2581
3825
3333
1285
1422
4380
2909
181
2799
2329
81
2661
1831
2611
2230
3498
4230
3021
4008
4162
2651
2432
414
2738
5196
3810
3491
2589
3145
235
4472
343
4209
1182
3147
796
1720
1735
1419
799
2588
3151
4545
5136
5160
245
292
1648
871
3792
4214
4418
2627
320
4054
2203
2305
1627
3964
580
1813
1358
2271
4357
1550
3652
429
4716
685
1155
5178
3476
3069
4296
1463
3573
369
3040
1605
2632
1666
4018
3377
4943
2963
2557
4954
4226
5050
184
4613
3651
727
4635
4201
3671
4131
1875
4242
1493
1678
5225
4359
2625
198
2373
154
5093
204
3587
1363
3351
1207
1304
2788
4108
415
4871
3260
4955
4947
1658
741
3539
1078
1242
3081
3304
4146
1314
874
557
2304
1881
2597
118
3218
5232
4471
1340
3598
2578
5008
634
3512
5241
266
2602
3007
244
878
4918
25
3867
27
186
5229
1376
3444
1630
1866
754
3888
32
2812
1545
1552
3555
1969
2711
2008
1319
505
1913
1133
733
3233
2177
4137
3842
3885
3373
1240
829
1208
1145
4320
3194
3763
2187
649
3171
1042
2621
3460
52
2158
1905
4377
287
59
5003
1135
1033
2333
4687
3543
2335
357
1479
4666
4733
1814
310
2511
1535
1438
4861
2950
224
3041
2407
4738
567
2569
298
2268
1639
1582
1149
2155
2772
499
272
2369
1013
3874
2587
2590
296
4395
5193
4289
2410
2274
4780
2628
971
3546
1444
2219
1523
1898
4996
3997
2939
983
273
3421
3492
1218
3277
4988
4412
1987
4715
3029
746
632
254
1021
551
3989
367
3067
4568
4808
3788
2676
4084
4427
1408
305
5052
1114
3758
2556
223
3739
4113
2345
1063
2152
4794
3220
4696
2370
1131
3628
4977
4077
4809
3383
1566
1429
2938
3367
676
4336
3675
142
2697
3683
2573
1700
145
3738
4966
4094
336
448
1640
4980
879
1141
4578
347
882
2347
3720
2196
2983
5201
3863
4995
4718
64
3917
2024
1167
4521
3862
1506
4335
2311
1157
533
196
3500
4323
3410
1977
4237
4898
3518
4531
590
2156
2671
2425
1714
2108
4085
3276
1510
1427
2307
4583
4589
1371
5161
4915
3487
869
595
1899
3124
787
4436
2272
3357
1701
5033
3990
842
927
2805
1342
508
2529
2929
3462
4499
3467
4868
3992
374
4564
2070
1486
1188
545
497
328
4263
3504
3037
4618
4478
1577
4196
2229
3522
2582
4205
2194
5048
2216
4676
3259
760
4928
2820
3264
4974
1508
5236
3602
2289
4333
5007
3930
4679
3940
1137
3020
3586
4156
1524
1781
1215
3038
3315
3365
4914
4344
3096
491
2525
4049
8
4842
5226
1931
2302
629
3799
3446
2057
4997
857
2823
3057
1041
2275
2883
4288
4572
1453
1318
3337
2815
5071
5233
3939
3249
2137
3638
4172
1586
1356
503
4987
5043
2615
1739
1922
771
2911
215
94
3634
239
1487
3644
2372
2987
2781
67
2341
1933
1561
3684
4177
3797
812
4029
1406
331
3619
180
459
569
1228
2683
3782
4399
2982
4206
1655
3305
1017
2211
4431
1176
4088
4549
3098
3828
817
1296
3143
4420
5169
4096
1015
1352
2100
5140
2021
4847
4699
3727
2718
1252
2541
4262
1542
2605
1611
4925
4821
2243
3148
2595
5049
981
3128
4690
4466
5039
2723
403
107
4379
4233
3201
4066
1907
3443
637
2787
822
3566
4372
3945
691
5018
1929
3338
549
4385
1588
2313
1558
4252
1462
1758
1365
4
62
2356
1801
4648
2473
1418
748
4669
964
736
1446
1796
3226
1099
3806
4326
1027
2558
1397
4044
4693
4869
1143
3050
2735
122
3478
1576
2892
4219
1760
802
4031
3183
3127
816
4027
2919
671
832
351
4782
951
3120
1282
2084
3808
591
1357
5212
3280
1347
4820
3000
461
4823
4624
1883
1939
1003
72
4305
4799
2085
1366
4370
782
2733
3687
237
3306
2023
5172
679
3126
4917
295
3063
3836
985
3875
1436
3298
2762
2614
80
650
5234
4541
1092
2917
335
3149
1030
4581
4495
2486
1264
989
1878
3346
2646
1916
4513
2794
2198
2862
3980
3641
4522
2561
2913
5209
4154
4432
566
4630
3509
2038
2350
3359
5122
4713
375
2191
1225
5168
1420
5141
1431
3826
912
890
690
1316
3614
2121
4649
4551
1833
2792
4906
2507
884
578
2709
3203
2474
1348
3765
2472
587
2793
4625
1241
2848
4956
2090
4392
3386
2505
601
4393
309
1407
2534
3965
5022
3774
370
1884
79
4817
903
2357
5091
2800
5098
3719
3433
4920
3762
3187
2143
5107
4365
1839
783
4836
3523
3106
2902
2110
2654
232
2777
1086
3278
2970
465
2879
2891
274
3053
1609
914
1811
1148
5051
1516
1185
348
317
2446
766
2555
4586
3200
994
4999
3062
410
4611
4026
1575
767
3110
3618
1634
1001
1094
2622
4148
220
3866
5139
319
4398
4013
3600
3311
4657
3732
1775
5017
150
4806
1974
4071
307
911
261
5216
4641
3372
1703
4934
4477
3959
1543
466
413
3873
810
3431
3865
3364
2636
4717
3886
4732
1448
264
2706
5138
908
54
3578
1538
4435
5083
96
1650
2383
853
1172
5153
2213
1699
238
2719
1947
4526
3136
3424
3459
1806
3121
4170
10
3465
1025
4353
570
398
4012
2064
2866
3672
1447
2093
5170
5237
1235
4758
3376
3918
1951
1066
4555
2608
5142
5081
2040
2204
41
2905
880
1689
2091
60
1472
1742
3289
2981
4314
1470
4080
449
70
3112
1262
865
923
1153
2832
4904
3307
4161
1877
1488
1707
1095
379
4325
2510
532
1822
3692
2795
3321
4115
1026
2103
155
3391
747
2393
3084
2694
5144
2207
1010
1120
1297
2765
1219
4307
5213
1385
1631
3095
2655
1230
3059
1449
2278
4843
484
201
3725
5192
4760
3214
252
2870
700
1891
3579
4232
2596
2228
765
1364
3506
1373
5099
4727
1526
3449
4236
1808
3045
1127
4182
3830
2577
2635
740
5157
877
4192
2161
236
2401
1450
4321
3929
1032
948
446
3971
2972
2160
605
4473
3843
4041
3052
1853
443
1851
4179
538
304
4213
4475
3314
1341
5019
4097
1927
434
5154
2296
1118
3757
2273
1061
247
3877
3654
2964
648
5001
4681
2149
2575
1325
2396
3996
324
4695
1159
716
5174
1254
3532
202
1660
3407
1850
1320
486
529
3420
1273
910
3982
1821
4889
4433
4805
1533
355
2532
228
2082
5035
249
723
1400
1054
1675
4677
525
4719
2027
4285
825
2562
618
1034
4762
507
906
3922
682
1478
3544
1211
4303
3807
4834
5006
4083
4964
1688
761
4680
1069
3423
1810
4883
4879
2429
2502
2752
3621
4873
3370
919
3759
1967
1547
4220
1180
728
1721
2656
3884
1276
2750
3133
3358
4831
3216
2976
1424
1355
78
2813
1998
3300
5158
2564
4577
1343
2847
2263
2958
179
2927
4789
1973
5179
189
229
3663
4406
1206
2920
639
1919
2547
3783
3489
3879
895
3607
1214
4602
4076
3447
2889
3617
3633
939
899
2176
970
2475
1005
3594
2009
2549
2746
276
2751
2221
4400
4176
4593
2818
2607
5223
2665
138
5005
4064
4633
1953
2951
2352
3850
2255
4561
2101
2840
2303
5084
875
917
1722
5109
3734
4675
510
4844
1251
5026
4116
4117
1717
1022
248
1923
4604
824
2294
4351
3269
547
3802
2144
3303
4394
4878
5127
959
148
427
380
1826
598
479
1272
663
3271
4674
3724
1868
445
2062
2086
2048
4939
4731
2077
1109
2703
1387
1738
4105
4107
5037
4069
1546
2931
4408
1921
5023
1307
1474
226
4574
2394
119
3232
4467
1607
3146
3215
3854
4439
1471
738
4020
3400
1115
3170
1169
2466
2326
2698
1168
2353
4600
4330
4371
5075
568
3737
2652
3253
1324
2586
4449
4965
3557
4349
1741
1960
3471
2026
494
3714
45
3428
2797
1399
4849
5014
1632
1203
2722
1972
4428
4458
314
385
1559
1008
3076
2099
2045
1394
1108
4017
1060
231
713
2276
4250
5010
710
905
2052
1749
1855
1489
1007
4191
561
318
1587
171
3870
2882
3468
2386
3097
934
2759
1985
1278
952
1346
3690
3883
4093
1680
4512
4536
4707
4334
4962
2465
1267
3909
2717
4672
4221
1199
158
3559
3086
3036
382
3695
1704
1122
4567
2537
973
481
2492
2169
4605
2971
781
1876
3855
1367
1160
4448
3642
1537
2036
4772
3104
2214
3868
2448
1955
125
136
4924
1606
1398
888
5132
4587
4368
3190
463
848
2912
2280
4835
3362
3178
4257
4775
4882
3380
3105
3530
2312
2215
4944
1563
1415
660
1138
4485
1723
960
5112
4970
5200
4381
3139
900
4483
3974
1104
2480
2998
1570
2288
3327
4119
1334
2827
582
1624
3256
1073
2320
5072
594
345
160
425
1144
577
167
3168
1257
2513
1372
1353
935
1805
5068
3767
101
1856
3454
2955
3263
1982
2779
501
5031
4636
1557
2644
4138
4188
243
4621
2092
2331
1938
4983
1142
1746
4777
2921
358
757
4362
3597
4620
575
15
1392
626
1105
3475
3324
222
2684
3416
3899
2295
5115
788
302
5199
4384
3749
394
1849
5082
3474
3281
4784
3482
3665
4967
1802
2708
3709
1615
3355
1852
4942
1416
3470
2668
945
3563
1329
4234
664
1674
2730
4688
162
3769
3730
485
2351
3688
3209
1028
1731
4678
2069
1889
1044
40
3060
206
1256
4712
5055
4923
4959
4145
393
1603
2499
2374
1305
1990
4155
1787
4739
3484
3703
5181
339
2836
3646
381
1006
2126
1402
1854
4021
1187
725
1456
2837
1466
337
1636
4386
1842
1934
362
2051
606
5133
36
780
4046
2928
1301
4543
3308
866
929
2001
3741
2025
1480
4434
4623
1052
4268
4470
2074
3441
4854
1926
798
915
1016
4579
2544
5189
1350
4599
2470
4897
4287
1667
5176
1952
3466
4819
3535
2914
1056
4007
3926
2087
2916
89
2127
3320
1780
3343
4130
2897
4848
3760
2462
2431
133
58
4804
1755
4668
3575
4098
2129
4193
1071
3713
1613
4746
1414
898
2531
3030
3635
169
1895
2321
2758
4186
668
2745
622
2018
4517
376
4594
1039
2865
2138
560
5125
2049
1511
1082
3238
4091
1250
4765
291
207
1924
2460
5087
373
2519
2565
1193
2867
3562
2881
1090
652
3984
4373
4509
2835
4646
2944
4190
3935
3384
2978
2845
2533
2189
762
4818
3322
1656
3735
1165
4576
2617
3994
1948
151
4506
1740
3585
4497
301
2593
3287
3657
540
1709
4525
2600
2808
742
2249
1966
1572
3776
506
4492
1857
2478
2445
636
2821
218
4711
4015
4136
1378
2728
300
4043
5203
4157
1321
1129
2205
3197
1824
3805
3193
2776
2576
735
2318
1280
2965
4891
65
5088
1377
4465
3004
2135
1452
2067
2072
4346
4585
2640
4706
4151
4595
4328
873
3251
4493
3679
1949
4476
2817
2725
3092
5094
5205
55
203
1345
35
1196
4921
979
4419
943
5096
4317
4814
5130
4946
2553
683
4143
48
1599
1117
1815
3442
3159
2441
1085
1331
2315
3185
417
2538
390
3024
346
1779
2501
57
86
1690
1669
2512
3627
1279
4790
2322
5000
1840
2467
3811
2124
1830
2477
3290
698
2359
2332
925
850
2834
3987
3785
39
4951
1864
773
2217
1496
4479
4089
3363
3800
1070
2078
1534
918
1659
1023
2774
1893
777
1283
4876
3629
2754
779
2181
2471
4807
4559
2253
688
4580
2482
2962
1812
3643
4776
1988
2506
3089
1445
4902
4857
4035
3339
920
5164
1715
2234
3236
2522
2005
3155
932
3979
284
4011
4301
286
978
3065
4443
1551
1492
392
3046
0
480
1989
1670
819
4767
852
2164
659
2742
2097
6
1614
433
2876
4728
3319
3426
3662
114
3495
3301
462
2457
3890
3912
3279
1819
638
4606
1943
524
2165
705
1048
955
3773
3666
1229
103
3480
4603
447
1706
1134
5166
3398
164
3389
996
4998
4270
3711
2977
2997
2686
2163
1483
3191
1870
2523
4703
556
4014
3153
2747
2638
3102
3135
3172
1309
3905
5128
986
4122
2667
5215
5080
3413
5016
1828
1726
1540
4704
360
3134
4546
2184
4417
4984
4259
749
4899
4644
3921
1517
3742
14
4601
4133
4896
2409
2768
56
4524
4539
4685
3610
4260
2516
1890
1106
4197
2716
3452
2139
395
1306
673
655
428
536
2063
553
3568
308
5077
3731
4489
4863
4241
4682
1754
5155
2404
4103
4112
3295
2906
1536
2695
4683
1234
2421
876
4654
1657
1198
2476
641
3229
801
3160
2248
3131
63
4916
2200
1029
4786
436
724
3006
770
2197
625
2444
2852
4340
1057
692
4081
4247
4514
342
2551
2641
3827
4005
3556
794
836
5165
2729
100
2134
2585
4498
1708
1258
4503
1691
37
42
2623
4632
2316
2701
3243
121
68
786
4415
1727
85
574
3892
892
2650
3114
4129
1692
4560
2844
3872
4877
868
3101
5070
4256
4347
5124
2969
530
3702
2218
3599
51
1641
963
1818
4930
839
253
3117
4003
77
4538
2123
4451
4410
3910
2864
3064
1847
117
3173
3790
492
2365
4293
3995
2172
3231
1882
2895
1512
4411
2949
102
3876
4708
4207
1212
2389
4142
316
1797
3158
3780
2237
3461
161
962
1020
4409
2424
1112
2231
353
968
437
4457
212
5113
4893
1539
3483
583
4950
3348
2784
128
3813
600
3588
1900
4345
1124
541
2244
2893
5045
3011
2073
2715
4364
3223
2378
1869
1662
5147
3817
325
3044
354
1393
814
3960
893
2183
3248
3766
3637
861
137
2994
4095
4860
4468
4569
4319
4830
1525
3839
2016
924
131
4812
1179
2858
2732
774
3857
4404
4350
4189
2826
1829
31
3222
1411
2338
1403
5114
1549
4774
1294
5230
1509
3142
1339
2659
3648
4300
4278
4356
4403
2888
2250
4286
2088
1594
1532
1330
76
5182
4369
2012
3753
1221
3510
2839
3342
834
4992
4204
2343
1328
2428
1911
4827
813
3950
3268
3721
4173
954
3404
3538
326
687
1622
1326
4910
3784
4875
821
3408
5067
1068
1417
512
4339
984
2212
2068
5110
1583
3409
2058
1712
1501
4355
3664
275
1696
4903
593
3486
1428
496
4737
2619
4839
4976
2496
4887
2102
3082
4225
349
609
221
265
1800
808
1732
3616
4376
2691
240
778
3302
4859
53
74
3677
2980
4802
2624
612
753
1266
430
190
1874
928
1507
2999
565
470
3496
250
2468
141
3227
457
4750
1940
3285
4664
4671
3313
2349
1123
3603
26
1336
1354
872
988
3969
192
5047
3353
3123
4295
4487
3837
2677
4341
2423
3593
3728
4178
528
1593
2116
1520
2945
616
732
352
1081
4391
3693
1074
1937
3560
758
3485
493
3822
4615
163
2488
3908
1088
271
456
743
3180
2760
1390
4450
1210
3450
3360
4570
1395
259
4556
1792
1249
909
4109
518
807
1184
3743
734
2603
2643
4147
3175
3625
2391
2342
835
3049
694
4348
573
4100
4535
3075
7
2106
2107
998
1481
856
522
2340
4552
3608
1292
2083
3286
1730
2283
4592
5041
66
2291
4598
5028
2642
2192
256
1224
2041
4753
2842
2270
4909
1338
3571
1459
2485
4025
2649
1386
2035
3834
3412
715
3655
847
407
3761
4366
1491
3537
1186
3028
2524
1610
3700
689
4637
3047